5720
7416
55847
10174
25803
466
6676
1870
6009
3480
8884
2309
5997
2946
57147
387
6909
3553
9093
427
23142
5898
8444
11232
23365
6657
27095
5054
10732
1398
3108
1950
23029
9270
9517
47
351
5889
25987
8243
23670
4846
10730
30
1452
3312
4776
891
6908
7466
11182
2146
89910
3385
56654
501
672
4775
5710
5111
5261
2115
5438
5696
10765
25839
26993
4172
55111
7015
8520
10146
23161
7165
10298
1802
55011
5588
58533
6461
8726
10813
147179
29937
80746
6184
6839
9854
10434
329
2553
5440
5607
2185
22827
51635
54623
9533
84159
5058
8607
207
998
3508
26054
3315
84890
10682
79600
8573
8574
5529
23378
3909
5289
8553
9134
622
9637
8518
9467
5525
6443
58478
256364
332
4850
2058
6616
7849
23210
868
54733
23244
55129
1677
10273
5223
7043
572
7494
4836
5716
22841
23647
2356
10617
5613
6050
2184
64422
4690
5355
6659
8837
7016
55127
23335
90861
10270
10670
6509
79071
64746
83743
5366
6772
11344
22887
10013
51001
595
26511
5829
7874
5257
51070
1738
4793
3416
22794
958
9761
2736
9128
9833
23326
1616
10972
4088
10523
5018
5290
51375
79090
27032
55038
9097
23061
991
10513
6194
64428
1891
11325
3066
9641
1676
6347
9801
23038
23512
1459
94239
51203
148022
9703
388650
6714
10606
652
1017
1906
23039
9813
55179
5827
8878
3091
10245
6813
7485
2109
4331
3251
23271
9915
9552
23536
51282
93487
2956
10227
11065
50813
9653
51024
53343
200081
1465
3337
11073
79006
23
6988
5641
11011
5743
23325
5321
10049
4144
7099
3157
8720
10782
200734
9053
25932
1981
79094
695
2778
10398
54881
5708
54807
1213
10320
323
3028
6804
26001
226
2042
6777
10190
890
9686
843
6390
2113
54915
4303
23658
7750
10953
22889
79643
840
3098
9488
11044
8985
11200
65057
66008
6832
9217
3329
23131
701
7048
4851
4860
6464
1050
10776
6253
9491
7398
79716
6117
23410
23588
29978
949
9988
7168
10845
9375
54957
22926
79170
4927
10610
128
2523
51026
58497
5498
6856
26036
124583
5899
9455
1212
10206
5255
25793
5467
54205
9448
55556
6774
9924
3978
5480
1983
10681
2770
3638
1788
56889
8349
79080
6275
9016
3895
6915
392
80204
9170
9709
80347
116832
670
5921
7867
23300
836
79143
5721
11284
11188
23443
10898
51599
4208
9276
1647
5927
10285
55793
5867
23386
2263
7866
3156
25825
4067
10237
7077
51015
1845
11157
808
5891
22908
23368
3300
10915
9897
64781
1759
51056
8550
54541
211
50810
5048
5583
23011
84722
11168
30001
348
1385
10150
9868
29763
873
9112
5580
23499
8900
30849
1454
85236
3725
5096
23585
55620
5373
51097
1831
51170
7020
54850
55893
80349
355
6944
1062
22883
5601
8804
6500
80758
10775
375346
4780
51385
581
10904
9917
55748
5627
10318
1399
54681
7905
24149
2222
28969
10131
10668
2958
51005
5715
8800
9650
54438
7319
55825
4817
8835
9143
64429
3682
4791
10329
10494
27109
55324
23149
3202
9943
2896
6599
56924
79902
2690
29083
5747
51031
1019
22905
3566
63933
9847
51422
3815
51021
5788
6193
8624
8996
7376
27346
5357
10489
26128
56940
6195
79921
1633
55746
23321
23636
10892
51160
10652
55604
11004
11261
6622
6709
2063
23530
1277
54512
993
9124
7157
79174
8826
23223
39
1958
4582
1052
9212
3308
23139
7153
79947
4616
8440
6790
9710
6990
11041
8851
29082
6342
9670
5883
81533
6696
10589
5110
10525
2353
2534
4609
57192
3398
5423
1070
3775
8312
10051
6603
26064
9019
29103
3206
4893
835
10969
1500
9797
4043
7690
665
29911
2064
9519
8480
65123
983
5986
10559
85377
8508
9903
7088
9275
8324
8914
22796
54505
4313
51116
6919
54442
2274
10695
102
2288
965
7994
1022
3800
4216
10362
5300
7538
3628
8270
5880
27242
3162
9928
1282
1848
1534
2037
2771
5654
7264
10810
1786
7105
5873
23014
780
55012
154
9926
2887
8446
4312
7159
1026
9183
7082
11151
7511
10058
10046
10797
1829
11230
11000
30836
976
27336
3597
9918
178
79073
994
3383
2625
9688
6119
23659
8396
26136
6697
23077
5971
10857
16
2048
2817
22934
9289
60528
4931
5359
1111
1514
1509
4200
5154
9181
3611
93594
4783
5982
10123
26520
4998
8895
727
10038
9805
60493
4125
51495
4482
4792
1635
23224
4154
9690
26292
80212
2920
5770
25874
29928
11319
22809
1153
50814
4794
55256
11098
56997
902
81544
6894
8974
533
64080
823
55818
637
6812
3693
22823
3122
4891
5287
10954
5909
91137
9221
23097
847
9851
11072
23522
1123
8091
3486
5603
10221
51569
2769
7158
10818
55699
2624
8678
5900
11014
1994
8204
3454
9133
10921
1605
6304
10644
51742
2954
3482
25976
27244
10491
23013
5211
51053
8050
9267
5547
79961
2017
6597
5836
55148
2886
6118
960
2065
2961
10451
310
57406
7296
9261
8321
51719
1429
7074
2548
10059
6499
51071
642
5796
23076
55008
8569
10099
8503
23597
8869
9817
7027
8727
9126
63874
3930
8821
10450
57178
5468
54386
664
10557
596
831
9531
10180
1445
2767
230
1861
9246
10165
6850
7106
2908
5092
23463
57761
1978
23338
7852
10007
896
55033
4925
57019
6251
91949
5777
84617
25
1846
899
5782
3303
5106
5925
79850
2673
51466
644
2852
6284
55837
2131
4605
5427
6810
5331
54499
142
25966
11007
55608
1643
1662
9702
25805
3033
11031
2745
10057
5985
9961
3280
3925
2582
55958
5792
51465
2542
5236
4016
5347
4651
10641
3988
11137
9842
26227
7982
10493
3551
10112
1001
5108
8870
23635
2195
29916
2810
8731
1956
5993
10276
11142
1666
79187
1021
51382
4864
8318
4232
9695
4638
5050
813
9712
3964
64943
9738
26020
481
6793
5019
7358
291
58472
5699
50865
2264
10973
1029
9697
5831
23200
8202
51293
1027
57804
8061
5566
10153
2597
874
57149